Domain name : cooking_pasta - without_d
Elasped time = 130.25s

=> DETAILED RESULTS <=:
Count (total=512) = 
	with(0 fail - 100.0% success) =
		with_com(356- 69.53%) = [5, 7, 13, 15, 21, 23, 29, 31, 32, 33, 34, 35, 40, 41, 42, 43, 48, 49, 50, 51, 56, 57, 58, 59, 64, 65, 66, 67, 68, 69, 70, 71, 73, 75, 77, 79, 80, 81, 82, 83, 84, 85, 86, 87, 89, 91, 93, 95, 96, 97, 98, 99, 100, 101, 102, 103, 104, 105, 106, 107, 112, 113, 114, 115, 116, 117, 118, 119, 120, 121, 122, 123, 130, 131, 133, 134, 135, 136, 137, 138, 139, 140, 141, 142, 143, 144, 146, 149, 151, 152, 153, 154, 155, 156, 157, 158, 159, 160, 161, 162, 163, 166, 168, 169, 170, 171, 172, 173, 174, 175, 176, 177, 178, 179, 184, 185, 186, 187, 188, 189, 190, 191, 192, 194, 195, 197, 198, 199, 200, 202, 203, 205, 206, 207, 208, 209, 210, 211, 213, 215, 216, 217, 218, 219, 221, 223, 224, 225, 226, 227, 230, 231, 232, 233, 234, 235, 238, 239, 240, 241, 242, 243, 248, 249, 250, 251, 260, 261, 262, 263, 268, 269, 270, 271, 276, 277, 278, 279, 284, 285, 286, 287, 288, 289, 290, 291, 296, 297, 298, 299, 304, 305, 306, 307, 312, 313, 314, 315, 320, 321, 322, 323, 324, 325, 326, 327, 328, 329, 330, 331, 332, 333, 334, 335, 336, 337, 338, 339, 340, 341, 342, 343, 344, 345, 346, 347, 348, 349, 350, 351, 352, 353, 354, 355, 356, 357, 358, 359, 360, 361, 362, 363, 365, 367, 368, 369, 370, 371, 372, 373, 374, 375, 376, 377, 378, 379, 384, 386, 388, 389, 390, 391, 392, 393, 394, 395, 396, 397, 398, 399, 400, 402, 404, 405, 406, 407, 408, 409, 410, 411, 412, 413, 414, 415, 416, 417, 418, 419, 424, 425, 426, 427, 428, 429, 430, 431, 432, 433, 434, 435, 440, 441, 442, 443, 444, 445, 446, 447, 448, 449, 450, 451, 452, 453, 454, 455, 456, 457, 458, 459, 460, 461, 462, 463, 464, 466, 468, 469, 470, 471, 472, 474, 476, 477, 478, 479, 480, 481, 482, 483, 484, 486, 488, 489, 490, 491, 492, 494, 496, 497, 498, 499, 504, 505, 506, 507]
		h_wait(8- 1.56%) = [289, 291, 293, 295, 297, 299, 301, 303]
		non_rel_div(192- 37.5%) = [64, 65, 66, 67, 68, 69, 70, 71, 72, 73, 74, 75, 76, 77, 78, 79, 80, 81, 82, 83, 84, 85, 86, 87, 88, 89, 90, 91, 92, 93, 94, 95, 96, 97, 98, 99, 100, 101, 102, 103, 104, 105, 106, 107, 108, 109, 110, 111, 113, 115, 117, 119, 121, 123, 125, 127, 128, 130, 132, 134, 136, 138, 140, 142, 145, 147, 149, 151, 153, 155, 157, 159, 176, 178, 180, 182, 184, 186, 188, 190, 192, 193, 194, 195, 196, 197, 198, 199, 200, 201, 202, 203, 204, 205, 206, 207, 208, 209, 210, 211, 212, 213, 214, 215, 216, 217, 218, 219, 220, 221, 222, 223, 224, 226, 228, 230, 232, 234, 236, 238, 240, 241, 242, 243, 244, 245, 246, 247, 248, 249, 250, 251, 252, 253, 254, 255, 320, 321, 322, 323, 324, 325, 326, 327, 328, 329, 330, 331, 332, 333, 334, 335, 336, 338, 340, 342, 344, 346, 348, 350, 352, 354, 356, 358, 360, 362, 364, 366, 400, 402, 404, 406, 408, 410, 412, 414, 448, 450, 452, 454, 456, 458, 460, 462, 464, 466, 468, 470, 472, 474, 476, 478]
		delayed(0- 0.0%) = []
		failed(0) = []
	without(0 fail- 0.0% success): 
		success(0) = []
		h_wait(0- 0%) = []
		rna(0- 0%) = []
		idl(0- 0%) = []
		other(0- 0%) = []

=> SHORT RESULTS <=
 cooking_pasta: Old Solver: S=0.0% NA=0% IDL=0% Our Solver: S=100.0% Com=69.53%
 0.79296875, 0.015625, 6.193359375, 0.0