Domain name : cooking_pasta
Elasped time = 149.81s

=> DETAILED RESULTS <=:
Count (total=512) = 
	with(0 fail - 100.0% success) =
		with_com(281- 54.88%) = [32, 33, 34, 35, 40, 41, 42, 43, 48, 49, 50, 51, 56, 57, 58, 59, 64, 65, 66, 67, 68, 69, 70, 71, 73, 75, 80, 81, 82, 83, 84, 85, 86, 87, 89, 91, 96, 97, 98, 99, 100, 101, 102, 103, 104, 105, 106, 107, 112, 113, 114, 115, 116, 117, 118, 119, 120, 121, 122, 123, 128, 130, 136, 137, 138, 139, 140, 141, 142, 143, 144, 146, 152, 153, 154, 155, 156, 157, 158, 159, 160, 161, 162, 163, 166, 168, 169, 170, 171, 172, 173, 174, 175, 176, 177, 178, 179, 184, 185, 186, 187, 188, 189, 190, 191, 192, 193, 194, 195, 198, 200, 201, 202, 203, 206, 208, 209, 210, 211, 216, 217, 218, 219, 224, 225, 226, 227, 230, 231, 232, 233, 234, 235, 238, 239, 240, 241, 242, 243, 248, 249, 250, 251, 277, 279, 285, 287, 288, 289, 290, 291, 296, 297, 298, 299, 304, 305, 306, 307, 312, 313, 314, 315, 320, 321, 322, 323, 324, 325, 326, 327, 328, 329, 330, 331, 336, 337, 338, 339, 340, 341, 342, 343, 344, 345, 346, 347, 352, 353, 354, 355, 356, 357, 358, 359, 360, 361, 362, 363, 365, 367, 368, 369, 370, 371, 372, 373, 374, 375, 376, 377, 378, 379, 392, 393, 394, 395, 396, 397, 398, 399, 408, 409, 410, 411, 412, 413, 414, 415, 416, 417, 418, 419, 424, 425, 426, 427, 428, 429, 430, 431, 432, 433, 434, 435, 440, 441, 442, 443, 444, 445, 446, 447, 448, 450, 456, 458, 464, 466, 472, 474, 480, 481, 482, 483, 484, 486, 488, 489, 490, 491, 492, 494, 496, 497, 498, 499, 504, 505, 506, 507]
		h_wait(56- 10.93%) = [1, 3, 5, 7, 9, 11, 13, 15, 256, 257, 258, 259, 260, 261, 262, 263, 264, 265, 266, 267, 268, 269, 270, 271, 273, 275, 277, 279, 281, 283, 285, 287, 289, 291, 293, 295, 297, 299, 301, 303, 385, 387, 389, 391, 393, 395, 397, 399, 449, 451, 453, 455, 457, 459, 461, 463]
		non_rel_div(0- 0.0%) = []
		delayed(0- 0.0%) = []
		failed(0) = []
	without(417 fail- 18.55% success): 
		success(95) = [0, 1, 4, 5, 18, 19, 22, 23, 36, 37, 54, 55, 72, 73, 76, 77, 90, 91, 94, 95, 108, 109, 126, 127, 128, 129, 132, 133, 146, 147, 150, 151, 164, 165, 182, 183, 200, 201, 204, 205, 218, 219, 222, 223, 236, 237, 254, 255, 256, 257, 260, 261, 274, 275, 278, 292, 293, 310, 311, 328, 329, 332, 333, 346, 347, 350, 351, 364, 365, 382, 383, 384, 385, 388, 389, 402, 403, 406, 407, 420, 421, 438, 439, 456, 457, 460, 461, 474, 475, 478, 479, 492, 493, 510, 511]
		h_wait(12- 12.63%) = [1, 5, 256, 257, 260, 261, 275, 293, 385, 389, 457, 461]
		rna(321- 76.97%) = [2, 3, 6, 7, 8, 9, 10, 11, 12, 13, 14, 15, 24, 25, 26, 27, 28, 29, 30, 31, 34, 35, 38, 39, 40, 41, 42, 43, 44, 45, 46, 47, 56, 57, 58, 59, 60, 61, 62, 63, 64, 65, 66, 67, 68, 69, 70, 71, 74, 75, 78, 79, 80, 81, 82, 83, 84, 85, 86, 87, 96, 97, 98, 99, 100, 101, 102, 103, 106, 107, 110, 111, 112, 113, 114, 115, 116, 117, 118, 119, 130, 131, 134, 135, 136, 137, 138, 139, 140, 141, 142, 143, 152, 153, 154, 155, 156, 157, 158, 159, 162, 163, 166, 167, 168, 169, 170, 171, 172, 173, 174, 175, 184, 185, 186, 187, 188, 189, 190, 191, 192, 193, 194, 195, 196, 197, 198, 199, 202, 203, 206, 207, 208, 209, 210, 211, 212, 213, 214, 215, 224, 225, 226, 227, 228, 229, 230, 231, 234, 235, 238, 239, 240, 241, 242, 243, 244, 245, 246, 247, 258, 259, 262, 263, 264, 265, 266, 267, 268, 269, 270, 271, 279, 280, 281, 282, 283, 284, 285, 286, 287, 290, 291, 294, 295, 296, 297, 298, 299, 300, 301, 302, 303, 312, 313, 314, 315, 316, 317, 318, 319, 320, 321, 322, 323, 324, 325, 326, 327, 330, 331, 334, 335, 336, 337, 338, 339, 340, 341, 342, 343, 352, 353, 354, 355, 356, 357, 358, 359, 362, 363, 366, 367, 368, 369, 370, 371, 372, 373, 374, 375, 386, 387, 390, 391, 392, 393, 394, 395, 396, 397, 398, 399, 408, 409, 410, 411, 412, 413, 414, 415, 418, 419, 422, 423, 424, 425, 426, 427, 428, 429, 430, 431, 440, 441, 442, 443, 444, 445, 446, 447, 448, 449, 450, 451, 452, 453, 454, 455, 458, 459, 462, 463, 464, 465, 466, 467, 468, 469, 470, 471, 480, 481, 482, 483, 484, 485, 486, 487, 490, 491, 494, 495, 496, 497, 498, 499, 500, 501, 502, 503]
		idl(96- 23.02%) = [16, 17, 20, 21, 32, 33, 48, 49, 50, 51, 52, 53, 88, 89, 92, 93, 104, 105, 120, 121, 122, 123, 124, 125, 144, 145, 148, 149, 160, 161, 176, 177, 178, 179, 180, 181, 216, 217, 220, 221, 232, 233, 248, 249, 250, 251, 252, 253, 272, 273, 276, 277, 288, 289, 304, 305, 306, 307, 308, 309, 344, 345, 348, 349, 360, 361, 376, 377, 378, 379, 380, 381, 400, 401, 404, 405, 416, 417, 432, 433, 434, 435, 436, 437, 472, 473, 476, 477, 488, 489, 504, 505, 506, 507, 508, 509]
		other(0- 0.0%) = []

=> SHORT RESULTS <=
 cooking_pasta: Old Solver: S=18.55% NA=76.97% IDL=23.02% Our Solver: S=100.0% Com=54.88%