Domain name : box_prepare - without_d
Elasped time = 207.35s

=> DETAILED RESULTS <=:
Count (total=512) = 
	with(0 fail - 100.0% success) =
		with_com(352- 68.75%) = [0, 1, 2, 3, 4, 5, 6, 7, 8, 9, 10, 11, 12, 13, 14, 15, 16, 17, 18, 19, 20, 21, 22, 23, 24, 25, 26, 27, 28, 29, 30, 31, 36, 37, 38, 39, 44, 45, 46, 47, 52, 53, 54, 55, 60, 61, 62, 63, 64, 65, 66, 67, 72, 73, 74, 75, 80, 81, 82, 83, 88, 89, 90, 91, 96, 97, 98, 99, 104, 105, 106, 107, 112, 113, 114, 115, 120, 121, 122, 123, 128, 129, 130, 131, 132, 133, 134, 135, 136, 137, 138, 139, 140, 141, 142, 143, 144, 145, 146, 147, 148, 149, 150, 151, 152, 153, 154, 155, 156, 157, 158, 159, 164, 165, 166, 167, 172, 173, 174, 175, 180, 181, 182, 183, 188, 189, 190, 191, 192, 193, 194, 195, 200, 201, 202, 203, 208, 209, 210, 211, 216, 217, 218, 219, 224, 225, 226, 227, 232, 233, 234, 235, 240, 241, 242, 243, 248, 249, 250, 251, 256, 258, 260, 261, 262, 263, 264, 266, 268, 269, 270, 271, 272, 274, 276, 277, 278, 279, 280, 282, 284, 285, 286, 287, 288, 290, 292, 293, 294, 295, 296, 298, 300, 301, 302, 303, 304, 306, 308, 309, 310, 311, 312, 314, 316, 317, 318, 319, 320, 321, 322, 323, 325, 327, 328, 329, 330, 331, 333, 335, 336, 337, 338, 339, 340, 342, 344, 345, 346, 347, 348, 350, 352, 353, 354, 355, 357, 359, 360, 361, 362, 363, 365, 367, 368, 369, 370, 371, 372, 374, 376, 377, 378, 379, 380, 382, 384, 386, 388, 389, 390, 391, 392, 394, 396, 397, 398, 399, 400, 402, 404, 405, 406, 407, 408, 410, 412, 413, 414, 415, 416, 418, 420, 421, 422, 423, 424, 426, 428, 429, 430, 431, 432, 434, 436, 437, 438, 439, 440, 442, 444, 445, 446, 447, 448, 449, 450, 451, 453, 455, 456, 457, 458, 459, 461, 463, 464, 465, 466, 467, 468, 470, 472, 473, 474, 475, 476, 478, 480, 481, 482, 483, 485, 487, 488, 489, 490, 491, 493, 495, 496, 497, 498, 499, 500, 502, 504, 505, 506, 507, 508, 510]
		h_wait(288- 56.25%) = [1, 3, 5, 7, 9, 11, 13, 15, 16, 18, 20, 22, 24, 26, 28, 30, 32, 33, 34, 35, 36, 37, 38, 39, 40, 41, 42, 43, 44, 45, 46, 47, 49, 51, 53, 55, 57, 59, 61, 63, 64, 66, 68, 70, 72, 74, 76, 78, 81, 83, 85, 87, 89, 91, 93, 95, 96, 97, 98, 99, 100, 101, 102, 103, 104, 105, 106, 107, 108, 109, 110, 111, 112, 114, 116, 118, 120, 122, 124, 126, 129, 131, 133, 135, 137, 139, 141, 143, 144, 146, 148, 150, 152, 154, 156, 158, 160, 161, 162, 163, 164, 165, 166, 167, 168, 169, 170, 171, 172, 173, 174, 175, 177, 179, 181, 183, 185, 187, 189, 191, 192, 194, 196, 198, 200, 202, 204, 206, 209, 211, 213, 215, 217, 219, 221, 223, 224, 225, 226, 227, 228, 229, 230, 231, 232, 233, 234, 235, 236, 237, 238, 239, 240, 242, 244, 246, 248, 250, 252, 254, 257, 259, 261, 263, 265, 267, 269, 271, 272, 274, 276, 278, 280, 282, 284, 286, 288, 290, 292, 294, 296, 298, 300, 302, 305, 307, 309, 311, 313, 315, 317, 319, 320, 322, 324, 326, 328, 330, 332, 334, 337, 339, 341, 343, 345, 347, 349, 351, 353, 355, 357, 359, 361, 363, 365, 367, 368, 370, 372, 374, 376, 378, 380, 382, 385, 387, 389, 391, 393, 395, 397, 399, 400, 402, 404, 406, 408, 410, 412, 414, 416, 418, 420, 422, 424, 426, 428, 430, 433, 435, 437, 439, 441, 443, 445, 447, 448, 450, 452, 454, 456, 458, 460, 462, 465, 467, 469, 471, 473, 475, 477, 479, 481, 483, 485, 487, 489, 491, 493, 495, 496, 498, 500, 502, 504, 506, 508, 510]
		non_rel_div(0- 0.0%) = []
		delayed(0- 0.0%) = []
		failed(0) = []
	without(0 fail- 0.0% success): 
		success(0) = []
		h_wait(0- 0%) = []
		rna(0- 0%) = []
		idl(0- 0%) = []
		other(0- 0%) = []

=> SHORT RESULTS <=
 box_prepare: Old Solver: S=0.0% NA=0% IDL=0% Our Solver: S=100.0% Com=68.75%
 0.8125, 0.625, 13.875, 0.0